0.0 0.0
0.1 0.0
0.2 0.0001
0.3 0.0001
0.4 0.0001
0.5 0.0002
0.6 0.0002
0.7 0.0002
0.8 0.0002
0.9 0.0002
1.0 0.0002
1.1 0.0002
1.2 0.0002
1.3 0.0002
1.4 0.0002
1.5 0.0002
1.6 0.0002
1.7 0.0002
1.8 0.0002
1.9 0.0002
2.0 0.0004
2.1 0.0005
2.2 0.0005
2.3 0.0007
2.4 0.0009
2.5 0.0009
2.6 0.0012
2.7 0.0015
2.8 0.0015
2.9 0.0016
3.0 0.002
3.1 0.0024
3.2 0.0028
3.3 0.003
3.4 0.003
3.5 0.0033
3.6 0.0039
3.7 0.0043
3.8 0.0044
3.9 0.0049
4.0 0.0056
4.1 0.0062
4.2 0.007
4.3 0.0076
4.4 0.0081
4.5 0.0088
4.6 0.0092
4.7 0.0107
4.8 0.0115
4.9 0.0132
5.0 0.0144
5.1 0.0151
5.2 0.0169
5.3 0.0188
5.4 0.0204
5.5 0.0219
5.6 0.0245
5.7 0.0267
5.8 0.0292
5.9 0.0306
6.0 0.0329
6.1 0.0368
6.2 0.0394
6.3 0.0428
6.4 0.0462
6.5 0.0489
6.6 0.0523
6.7 0.0559
6.8 0.059
6.9 0.0627
7.0 0.0664
7.1 0.0715
7.2 0.0771
7.3 0.0827
7.4 0.0865
7.5 0.0902
7.6 0.0951
7.7 0.1012
7.8 0.1057
7.9 0.1115
8.0 0.1176
8.1 0.1226
8.2 0.1293
8.3 0.1346
8.4 0.1413
8.5 0.1473
8.6 0.1543
8.7 0.1608
8.8 0.1677
8.9 0.1758
9.0 0.1824
9.1 0.1904
9.2 0.1979
9.3 0.2041
9.4 0.2126
9.5 0.2204
9.6 0.2289
9.7 0.2356
9.8 0.2434
9.9 0.2507
10.0 0.2596
10.1 0.2664
10.2 0.2738
10.3 0.2806
10.4 0.2876
10.5 0.2971
10.6 0.3046
10.7 0.3101
10.8 0.3192
10.9 0.3283
11.0 0.3346
11.1 0.3431
11.2 0.35
11.3 0.3586
11.4 0.3658
11.5 0.374
11.6 0.3817
11.7 0.3887
11.8 0.3948
11.9 0.4024
12.0 0.41
12.1 0.4178
12.2 0.4257
12.3 0.4331
12.4 0.4412
12.5 0.4502
12.6 0.4575
12.7 0.4644
12.8 0.4727
12.9 0.4797
13.0 0.4852
13.1 0.492
13.2 0.499
13.3 0.5061
13.4 0.5132
13.5 0.5202
13.6 0.526
13.7 0.5317
13.8 0.5377
13.9 0.544
14.0 0.5506
14.1 0.557
14.2 0.5618
14.3 0.5679
14.4 0.5761
14.5 0.5839
14.6 0.5902
14.7 0.5958
14.8 0.6012
14.9 0.6066
15.0 0.612
15.1 0.6188
15.2 0.6239
15.3 0.6289
15.4 0.6357
15.5 0.6419
15.6 0.6491
15.7 0.6542
15.8 0.6609
15.9 0.6667
16.0 0.6717
16.1 0.6756
16.2 0.6819
16.3 0.6864
16.4 0.6911
16.5 0.6959
16.6 0.7004
16.7 0.7054
16.8 0.7105
16.9 0.7154
17.0 0.7198
17.1 0.7242
17.2 0.7291
17.3 0.7334
17.4 0.7373
17.5 0.7423
17.6 0.7478
17.7 0.7518
17.8 0.7554
17.9 0.7612
18.0 0.7653
18.1 0.7694
18.2 0.7728
18.3 0.7767
18.4 0.7798
18.5 0.7841
18.6 0.7869
18.7 0.791
18.8 0.7949
18.9 0.799
19.0 0.8023
19.1 0.8057
19.2 0.8084
19.3 0.8112
19.4 0.8144
19.5 0.8181
19.6 0.8209
19.7 0.8236
19.8 0.8264
19.9 0.8284
20.0 0.8313
20.1 0.834
20.2 0.8368
20.3 0.8398
20.4 0.8425
20.5 0.8462
20.6 0.8494
20.7 0.8515
20.8 0.8546
20.9 0.8575
21.0 0.8594
21.1 0.8615
21.2 0.8636
21.3 0.8659
21.4 0.8676
21.5 0.8709
21.6 0.8733
21.7 0.8758
21.8 0.8783
21.9 0.8806
22.0 0.8831
22.1 0.8844
22.2 0.8863
22.3 0.8883
22.4 0.8903
22.5 0.8921
22.6 0.8939
22.7 0.8953
22.8 0.8973
22.9 0.8996
23.0 0.902
23.1 0.9035
23.2 0.9045
23.3 0.9063
23.4 0.908
23.5 0.9096
23.6 0.9115
23.7 0.9126
23.8 0.9144
23.9 0.9158
24.0 0.918
24.1 0.9193
24.2 0.9209
24.3 0.922
24.4 0.9231
24.5 0.9243
24.6 0.9261
24.7 0.9276
24.8 0.9288
24.9 0.9302
25.0 0.9319
25.1 0.9332
25.2 0.934
25.3 0.9347
25.4 0.936
25.5 0.938
25.6 0.939
25.7 0.9402
25.8 0.941
25.9 0.9424
26.0 0.9435
26.1 0.945
26.2 0.9461
26.3 0.9471
26.4 0.948
26.5 0.9494
26.6 0.9502
26.7 0.9515
26.8 0.9526
26.9 0.9535
27.0 0.9541
27.1 0.9548
27.2 0.9558
27.3 0.9566
27.4 0.9577
27.5 0.9588
27.6 0.9591
27.7 0.9598
27.8 0.9605
27.9 0.9612
28.0 0.962
28.1 0.9624
28.2 0.963
28.3 0.9641
28.4 0.9647
28.5 0.9654
28.6 0.966
28.7 0.9666
28.8 0.9671
28.9 0.9679
29.0 0.9685
29.1 0.9694
29.2 0.9696
29.3 0.9707
29.4 0.9712
29.5 0.9716
29.6 0.9724
29.7 0.9725
29.8 0.9729
29.9 0.9737
30.0 0.9742
30.1 0.9751
30.2 0.9759
30.3 0.9762
30.4 0.9767
30.5 0.9773
30.6 0.9778
30.7 0.9779
30.8 0.978
30.9 0.9781
31.0 0.9785
31.1 0.9788
31.2 0.9794
31.3 0.9799
31.4 0.9804
31.5 0.9807
31.6 0.9809
31.7 0.9815
31.8 0.9816
31.9 0.9817
32.0 0.9818
32.1 0.9822
32.2 0.9826
32.3 0.983
32.4 0.9833
32.5 0.9833
32.6 0.9842
32.7 0.9845
32.8 0.9847
32.9 0.9851
33.0 0.9851
33.1 0.9853
33.2 0.9855
33.3 0.9861
33.4 0.9863
33.5 0.9864
33.6 0.9867
33.7 0.9871
33.8 0.9874
33.9 0.9875
34.0 0.9879
34.1 0.9881
34.2 0.9885
34.3 0.9888
34.4 0.9891
34.5 0.9894
34.6 0.9897
34.7 0.99
34.8 0.9902
34.9 0.9904
35.0 0.9907
35.1 0.9908
35.2 0.991
35.3 0.9913
35.4 0.9919
35.5 0.9921
35.6 0.9922
35.7 0.9922
35.8 0.9924
35.9 0.9924
36.0 0.9925
36.1 0.9925
36.2 0.9927
36.3 0.993
36.4 0.9931
36.5 0.9936
36.6 0.9939
36.7 0.9941
36.8 0.9941
36.9 0.9944
37.0 0.9945
37.1 0.9945
37.2 0.9948
37.3 0.9951
37.4 0.9951
37.5 0.9953
37.6 0.9953
37.7 0.9953
37.8 0.9953
37.9 0.9953
38.0 0.9955
38.1 0.9955
38.2 0.9955
38.3 0.9957
38.4 0.9957
38.5 0.9958
38.6 0.9959
38.7 0.996
38.8 0.9961
38.9 0.9964
39.0 0.9964
39.1 0.9966
39.2 0.9966
39.3 0.9966
39.4 0.9966
39.5 0.9966
39.6 0.9967
39.7 0.9967
39.8 0.9968
39.9 0.9969
40.0 0.997
40.1 0.9972
40.2 0.9972
40.3 0.9973
40.4 0.9975
40.5 0.9975
40.6 0.9976
40.7 0.9976
40.8 0.9976
40.9 0.9976
41.0 0.9977
41.1 0.9977
41.2 0.9978
41.3 0.9978
41.4 0.9978
41.5 0.9979
41.6 0.9979
41.7 0.9979
41.8 0.998
41.9 0.9981
42.0 0.9981
42.1 0.9981
42.2 0.9981
42.3 0.9981
42.4 0.9981
42.5 0.9981
42.6 0.9982
42.7 0.9982
42.8 0.9983
42.9 0.9983
43.0 0.9983
43.1 0.9983
43.2 0.9983
43.3 0.9983
43.4 0.9984
43.5 0.9984
43.6 0.9985
43.7 0.9985
43.8 0.9985
43.9 0.9986
44.0 0.9986
44.1 0.9986
44.2 0.9986
44.3 0.9986
44.4 0.9987
44.5 0.9988
44.6 0.9988
44.7 0.9988
44.8 0.9988
44.9 0.9988
45.0 0.9988
45.1 0.9988
45.2 0.9988
45.3 0.9988
45.4 0.9988
45.5 0.9988
45.6 0.9988
45.7 0.9988
45.8 0.9988
45.9 0.9988
46.0 0.9988
46.1 0.9988
46.2 0.9988
46.3 0.9988
46.4 0.9989
46.5 0.9989
46.6 0.9989
46.7 0.9989
46.8 0.999
46.9 0.999
47.0 0.9991
47.1 0.9991
47.2 0.9991
47.3 0.9991
47.4 0.9991
47.5 0.9991
47.6 0.9991
47.7 0.9991
47.8 0.9991
47.9 0.9991
48.0 0.9992
48.1 0.9992
48.2 0.9992
48.3 0.9992
48.4 0.9992
48.5 0.9992
48.6 0.9992
48.7 0.9992
48.8 0.9992
48.9 0.9993
49.0 0.9993
49.1 0.9993
49.2 0.9993
49.3 0.9993
49.4 0.9993
49.5 0.9993
49.6 0.9993
49.7 0.9993
49.8 0.9993
49.9 0.9994
50.0 0.9995
50.1 0.9995
50.2 0.9995
50.3 0.9995
50.4 0.9996
50.5 0.9996
50.6 0.9996
50.7 0.9996
50.8 0.9996
50.9 0.9996
51.0 0.9996
51.1 0.9996
51.2 0.9996
51.3 0.9996
51.4 0.9996
51.5 0.9996
51.6 0.9996
51.7 0.9996
51.8 0.9996
51.9 0.9996
52.0 0.9996
52.1 0.9997
52.2 0.9997
52.3 0.9998
52.4 0.9998
52.5 0.9998
52.6 0.9999
52.7 0.9999
52.8 0.9999
52.9 0.9999
53.0 0.9999
53.1 0.9999
53.2 0.9999
53.3 0.9999
53.4 0.9999
53.5 0.9999
53.6 0.9999
53.7 0.9999
53.8 0.9999
53.9 0.9999
54.0 0.9999
54.1 0.9999
54.2 0.9999
54.3 0.9999
54.4 0.9999
54.5 0.9999
54.6 0.9999
54.7 0.9999
54.8 0.9999
54.9 0.9999
55.0 0.9999
55.1 0.9999
55.2 0.9999
55.3 0.9999
55.4 0.9999
55.5 0.9999
55.6 0.9999
55.7 0.9999
55.8 0.9999
55.9 0.9999
56.0 0.9999
56.1 0.9999
56.2 0.9999
56.3 0.9999
56.4 0.9999
56.5 0.9999
56.6 0.9999
56.7 0.9999
56.8 0.9999
56.9 0.9999
57.0 0.9999
57.1 0.9999
57.2 0.9999
57.3 0.9999
57.4 0.9999
57.5 0.9999
57.6 0.9999
57.7 0.9999
57.8 0.9999
57.9 0.9999
58.0 0.9999
58.1 0.9999
58.2 0.9999
58.3 0.9999
58.4 0.9999
58.5 0.9999
58.6 0.9999
58.7 0.9999
58.8 0.9999
58.9 0.9999
59.0 0.9999
59.1 0.9999
59.2 0.9999
59.3 0.9999
59.4 0.9999
59.5 0.9999
59.6 0.9999
59.7 0.9999
59.8 0.9999
59.9 0.9999
60.0 0.9999
